-6.552173317316342604e+01 -5.710034510628128146e+01 -5.235297296042361381e+01
-5.733731623115842524e+01 -5.435946258047519564e+01 -5.603637750000000040e+01
-5.677984302505032588e+01 -6.161371872020575324e+01 -1.220326044787604189e+02
-6.302067257156691227e+01 -5.958412065868238017e+01 -7.080174658962252465e+01
-4.201687265851089137e+01 -4.444524974907561443e+01 -4.204160151137512003e+01
-4.455016338784730578e+01 -4.248703157134762876e+01 -5.868602999663998787e+01
-4.179811944309015814e+01 -3.807107432104899658e+01 -5.114657306096786726e+01
-4.099721511805731922e+01 -4.175488780744275630e+01 -3.118101651454402656e+01
-3.453311016611004902e+01 -3.416763671968718796e+01 -3.303174337778796854e+01
-3.257402522246191978e+01 -3.341070071568793765e+01 -7.396072428548261257e+01
-3.096137405617064431e+01 -3.022818594181163121e+01 -3.513058251875366977e+01
-3.183288881350487287e+01 -3.303123147778144642e+01 -3.591754510639800202e+01
-2.624581383471869955e+01 -2.565666980399999630e+01 -2.536388979999999904e+01
-2.458593060441369715e+01 -2.716838337800000147e+01 -7.635164923834599904e+01
-2.612776705299999946e+01 -2.678064901999999847e+01 -2.414116895474561275e+01
-2.288342106043999991e+01 -2.322098907999999895e+01 -2.259161437499999892e+01
-1.889531000000000205e+01 -1.932910299999999992e+01 -5.473369950000000017e+01
-1.699418799999999763e+01 -1.806351200000000290e+01 -5.217778155304236520e+01
-1.712687449999999956e+01 -1.351353999999999900e+01 -2.247395844399999731e+01
-1.223996999999999957e+01 -1.086880000000000024e+01 -1.392964999999999876e+01
-8.009999999999999787e+00 -9.359999999999999432e+00 -9.070000000000000284e+00
-8.200000000000001066e+00 -8.009999999999999787e+00 -9.729479999999998796e+00
-8.009999999999999787e+00 -9.309599999999999653e+00 -7.621999999999999886e+00
-9.359999999999999432e+00 -8.009999999999999787e+00 -8.687999999999998835e+00
-6.000000000000000000e+00 -5.199999999999999289e+00 -7.088855427575204260e+01
-4.000000000000000000e+00 -4.000000000000000000e+00 -4.462381041618726130e+01
-4.000000000000000000e+00 -4.000000000000000000e+00 0.000000000000000000e+00
-4.000000000000000000e+00 -4.000000000000000000e+00 -3.500000000000000000e+00
-3.500000000000000000e+00 -3.500000000000000000e+00 -3.000000000000000000e+00
-3.500000000000000000e+00 -3.500000000000000000e+00 0.000000000000000000e+00
-3.500000000000000000e+00 -3.500000000000000000e+00 0.000000000000000000e+00
-3.500000000000000000e+00 -3.500000000000000000e+00 0.000000000000000000e+00
-3.000000000000000000e+00 -3.000000000000000000e+00 -7.373694608577660858e+01
-3.000000000000000000e+00 -3.000000000000000000e+00 0.000000000000000000e+00
-3.000000000000000000e+00 -3.000000000000000000e+00 0.000000000000000000e+00
-3.000000000000000000e+00 -3.000000000000000000e+00 0.000000000000000000e+00
0.000000000000000000e+00 0.000000000000000000e+00 0.000000000000000000e+00
0.000000000000000000e+00 0.000000000000000000e+00 0.000000000000000000e+00
0.000000000000000000e+00 0.000000000000000000e+00 0.000000000000000000e+00
0.000000000000000000e+00 0.000000000000000000e+00 0.000000000000000000e+00
0.000000000000000000e+00 0.000000000000000000e+00 0.000000000000000000e+00
0.000000000000000000e+00 0.000000000000000000e+00 0.000000000000000000e+00
0.000000000000000000e+00 0.000000000000000000e+00 0.000000000000000000e+00
0.000000000000000000e+00 0.000000000000000000e+00 0.000000000000000000e+00
-1.500000000000000000e+00 -1.500000000000000000e+00 -7.344809248817968239e+01
-1.500000000000000000e+00 -1.500000000000000000e+00 0.000000000000000000e+00
-1.500000000000000000e+00 -1.500000000000000000e+00 0.000000000000000000e+00
-1.500000000000000000e+00 -1.500000000000000000e+00 0.000000000000000000e+00
-1.000000000000000000e+00 -1.000000000000000000e+00 -1.500000000000000000e+00
-1.000000000000000000e+00 -1.000000000000000000e+00 0.000000000000000000e+00
-1.000000000000000000e+00 -1.000000000000000000e+00 0.000000000000000000e+00
-1.000000000000000000e+00 -1.000000000000000000e+00 0.000000000000000000e+00
7.515284832014594940e+01 -5.000000000000000000e-01 -1.000000000000000000e+00
-5.000000000000000000e-01 -5.000000000000000000e-01 0.000000000000000000e+00
-5.000000000000000000e-01 -5.000000000000000000e-01 0.000000000000000000e+00
-5.000000000000000000e-01 -5.000000000000000000e-01 0.000000000000000000e+00
-1.826956249999999926e+01 -1.540465937499999782e+01 -1.429912499999999831e+01
-1.746631250000000080e+01 -1.680418749999999761e+01 -1.876419133999999644e+01
-1.921087500000000148e+01 -1.805628749999999982e+01 -3.517605948269999772e+01
-2.030852343749999989e+01 -1.938123124999999902e+01 -5.074849424867907288e+01
-3.200000000000000178e+00 -3.200000000000000178e+00 -3.500000000000000000e+00
-3.200000000000000178e+00 -3.200000000000000178e+00 0.000000000000000000e+00
-3.200000000000000178e+00 -3.200000000000000178e+00 -5.600942993331034359e+01
-5.120000000000000107e+00 -5.599999999999999645e+00 -5.544813764149246538e+01
0.000000000000000000e+00 0.000000000000000000e+00 0.000000000000000000e+00
0.000000000000000000e+00 0.000000000000000000e+00 0.000000000000000000e+00
0.000000000000000000e+00 0.000000000000000000e+00 0.000000000000000000e+00
0.000000000000000000e+00 0.000000000000000000e+00 0.000000000000000000e+00
-2.545066836211773875e+01 -2.591342996153663947e+01 -5.125064675221604205e+01
-2.664534866064005314e+01 -2.495413731997331652e+01 -3.300448926395867488e+01
-2.344859771740199506e+01 -2.340249691940851307e+01 -5.284196050018878310e+01
-2.257532925113759603e+01 -2.495347547162500135e+01 -2.081147155059811382e+01
-1.660938225624628828e+01 -1.563874961261975116e+01 -4.979894449710047866e+01
-1.641685415094999811e+01 -1.730894167004759865e+01 -2.162775497952535630e+01
-1.707077936743199942e+01 -1.619933956707596323e+01 -3.448253945100000095e+01
-1.606366686879474770e+01 -1.617867639247022282e+01 -1.516704928250833717e+01
-1.092257843750000035e+01 -1.206801341765624969e+01 -5.560520762181766230e+01
-1.180751887499999953e+01 -1.159633517054520979e+01 -1.468856298908417379e+01
-1.120854731250000036e+01 -1.202355090250121883e+01 -5.346266520775398590e+01
-1.122598607812500049e+01 -1.181977220769531201e+01 -1.096706064174936657e+01
-8.221730301738093161e+00 -8.332232149999999393e+00 -7.105295512784726952e+01
-7.777690687499999811e+00 -8.371631797774975681e+00 -9.143991702148436929e+00
-8.010557699999999670e+00 -8.639841470400424939e+00 -3.613951583197859208e+01
-8.387702351562499103e+00 -8.690923428749998791e+00 -5.140251122000925932e+00
-3.802875000000000227e+00 -3.683124543242967341e+00 5.056935486140952207e+01
-4.230096876562499553e+00 -5.143538505142672079e+00 -4.790750000000000064e+00
-5.427280470752149810e+00 -5.765462956364592273e+00 -5.617123126324105442e+01
-5.859199803084417013e+00 1.017821233524595570e+01 -5.463683713676252296e+01
-1.297634155892454899e+00 -2.141499999999999737e+00 1.178231466311628992e+02
-1.650906250000000020e+00 -1.299999999999999822e+00 -4.446103265653988501e+01
-1.000000000000000000e+00 -8.522249999999998993e-01 0.000000000000000000e+00
-1.000000000000000000e+00 7.691186663281345481e+00 -4.453428399641215663e+01
1.835274122544411171e+02 -7.500000000000000000e-01 -7.924999999999999822e-01
-5.000000000000000000e-01 -5.000000000000000000e-01 0.000000000000000000e+00
-5.000000000000000000e-01 -5.000000000000000000e-01 0.000000000000000000e+00
-5.000000000000000000e-01 -5.000000000000000000e-01 2.296713573929048664e+02
